Set parameter Username
Academic license - for non-commercial use only - expires 2023-12-10
9 0 (0, 9) (5, 9)
(5, 9) (4, 9)
(4, 9) (3, 9)
(3, 9) (2, 9)
(2, 9) (1, 9)
(1, 9) (1, 0)
(1, 0) (0, 9)

3 0 (0, 3) (5, 3)
(5, 3) (5, 2)
(5, 2) (5, 1)
(5, 1) (4, 1)
(4, 1) (4, 2)
(4, 2) (3, 2)
(3, 2) (2, 2)
(2, 2) (0, 3)

5 5 (5, 5) (0, 5)
(0, 5) (0, 6)
(0, 6) (1, 6)
(1, 6) (1, 7)
(1, 7) (1, 8)
(1, 8) (5, 5)

8 0 (0, 8) (5, 8)
(5, 8) (4, 8)
(4, 8) (3, 8)
(3, 8) (0, 8)

5 2 (2, 5) (2, 6)
(2, 6) (3, 6)
(3, 6) (4, 6)
(4, 6) (2, 5)

